1000	[2049, 557]
1008	[2189, 542]
1011	[2296, 562]
1019	[1947, 493]
1022	[1933, 484]
515	[1858, 401]
526	[1876, 488]
537	[1947, 486]
540	[1877, 498]
548	[1778, 459]
551	[1828, 451]
559	[1801, 449]
562	[1805, 427]
573	[1766, 469]
584	[1892, 440]
595	[1967, 485]
603	[1893, 433]
614	[1815, 480]
625	[1886, 465]
636	[1747, 479]
647	[1861, 442]
650	[2320, 472]
658	[1812, 414]
661	[1874, 463]
669	[1909, 476]
672	[1718, 458]
683	[1889, 498]
694	[1781, 431]
702	[1828, 484]
713	[1845, 487]
724	[1745, 450]
735	[1842, 482]
746	[1844, 475]
757	[1872, 502]
760	[1753, 474]
768	[1856, 445]
771	[1969, 490]
779	[1886, 480]
782	[1836, 515]
793	[1905, 496]
801	[1895, 512]
809	[1742, 483]
812	[1694, 482]
823	[1848, 463]
834	[1858, 447]
845	[1823, 472]
856	[1840, 465]
867	[1892, 502]
870	[1802, 507]
878	[1860, 512]
881	[2009, 499]
889	[1880, 483]
892	[1804, 463]
900	[1759, 454]
908	[1846, 493]
911	[1853, 487]
919	[1967, 532]
922	[1742, 502]
933	[1963, 512]
944	[1835, 512]
955	[2174, 552]
966	[1837, 510]
977	[1832, 518]
980	[1876, 528]
988	[1732, 461]
991	[1815, 432]
999	[2278, 555]
1001	[2098, 571]
1009	[2147, 518]
1012	[1922, 521]
1023	[1929, 483]
516	[1766, 446]
527	[1899, 501]
530	[1768, 422]
538	[1906, 520]
541	[1942, 519]
549	[1867, 474]
552	[1781, 428]
563	[1829, 447]
574	[1776, 471]
585	[1860, 481]
596	[1867, 455]
604	[1879, 483]
615	[1817, 492]
626	[1787, 476]
637	[1841, 468]
640	[2182, 507]
648	[2042, 479]
651	[2208, 534]
659	[1939, 455]
662	[1842, 470]
673	[1825, 493]
684	[1782, 482]
695	[1883, 501]
703	[2043, 442]
714	[1748, 469]
725	[1816, 453]
736	[1744, 476]
747	[1943, 510]
750	[2000, 530]
758	[1835, 466]
761	[1803, 457]
769	[1812, 433]
772	[1837, 417]
783	[1972, 500]
794	[1920, 493]
802	[1780, 500]
813	[1810, 478]
824	[1744, 502]
835	[1924, 466]
846	[1891, 474]
857	[1844, 470]
860	[1911, 459]
868	[1838, 483]
871	[1946, 507]
879	[2009, 512]
882	[1808, 480]
893	[1959, 467]
901	[1800, 471]
909	[1840, 497]
912	[1700, 470]
923	[1966, 492]
934	[1938, 490]
945	[1801, 519]
956	[1752, 540]
967	[1896, 517]
970	[1732, 349]
978	[1837, 512]
981	[1903, 436]
989	[1777, 403]
992	[2346, 520]
1002	[1959, 547]
1013	[1777, 434]
517	[1865, 402]
520	[1799, 372]
528	[1782, 462]
531	[1897, 439]
539	[1893, 513]
542	[1794, 518]
553	[1810, 417]
564	[1673, 484]
575	[1958, 471]
586	[1856, 518]
597	[1911, 451]
605	[1931, 482]
616	[1740, 492]
627	[1885, 490]
630	[1800, 481]
638	[1838, 465]
641	[1795, 403]
649	[2466, 519]
652	[1920, 479]
663	[1836, 463]
674	[1776, 502]
685	[1793, 494]
696	[1740, 502]
704	[1698, 458]
715	[1850, 482]
726	[1799, 448]
737	[1769, 464]
740	[1793, 489]
748	[1759, 447]
751	[2152, 529]
759	[1870, 488]
762	[2068, 513]
773	[1867, 452]
784	[1706, 389]
795	[1850, 430]
803	[1853, 515]
814	[1698, 454]
825	[1799, 496]
836	[1846, 490]
847	[1922, 496]
850	[1991, 499]
858	[1889, 480]
861	[1962, 432]
869	[1945, 525]
872	[1742, 521]
883	[1922, 492]
894	[1911, 504]
902	[1888, 486]
913	[1891, 476]
924	[1855, 519]
935	[1886, 498]
946	[1805, 492]
957	[1950, 528]
960	[1837, 528]
968	[1808, 525]
971	[1855, 470]
979	[1938, 524]
982	[1788, 434]
993	[2544, 534]
1003	[2087, 542]
1014	[2098, 533]
518	[1846, 450]
521	[1881, 480]
529	[1806, 432]
532	[1850, 466]
543	[1915, 497]
554	[1793, 393]
565	[1861, 486]
576	[1758, 475]
587	[1964, 487]
590	[1789, 431]
598	[1935, 524]
606	[1814, 483]
617	[1782, 484]
620	[1744, 466]
628	[1768, 458]
631	[1902, 508]
639	[1830, 458]
642	[1960, 450]
653	[2025, 473]
664	[1780, 430]
675	[1794, 480]
686	[1792, 470]
697	[1818, 500]
705	[1858, 488]
716	[1766, 469]
727	[1815, 462]
730	[1835, 497]
738	[1782, 473]
741	[1903, 503]
749	[1812, 467]
752	[1832, 513]
763	[2199, 503]
774	[1938, 516]
785	[1913, 457]
796	[1901, 460]
804	[1897, 516]
815	[1956, 479]
826	[1795, 477]
837	[1853, 509]
840	[1797, 460]
848	[2008, 501]
851	[2091, 480]
859	[2076, 503]
862	[2031, 499]
873	[1746, 495]
884	[1823, 465]
895	[1959, 465]
903	[1863, 486]
914	[1758, 499]
925	[1823, 517]
936	[1817, 478]
947	[1877, 504]
950	[1834, 495]
958	[1887, 526]
961	[1829, 535]
969	[1841, 518]
972	[1892, 524]
983	[1828, 466]
994	[2314, 535]
1004	[2080, 567]
1015	[2097, 502]
519	[1920, 446]
522	[1819, 394]
533	[1851, 459]
544	[1816, 392]
555	[1827, 467]
566	[1865, 493]
577	[1814, 467]
580	[1780, 466]
588	[1876, 484]
591	[1957, 490]
599	[1960, 521]
607	[2014, 466]
610	[1784, 496]
618	[1782, 479]
621	[1864, 484]
629	[1816, 482]
632	[1815, 451]
643	[1906, 355]
654	[2075, 527]
665	[1905, 452]
676	[1744, 502]
687	[1902, 504]
690	[1813, 478]
698	[1844, 473]
706	[1764, 474]
717	[1991, 485]
720	[1736, 453]
728	[1843, 477]
731	[1917, 490]
739	[1841, 480]
742	[1773, 470]
753	[1832, 495]
764	[1771, 453]
775	[1883, 481]
786	[1823, 472]
797	[2019, 485]
805	[1898, 516]
816	[1836, 502]
827	[1878, 474]
830	[1820, 485]
838	[1830, 452]
841	[1907, 461]
849	[2010, 478]
852	[2004, 473]
863	[2099, 478]
874	[1766, 497]
885	[2087, 473]
896	[1668, 436]
904	[1747, 471]
915	[1869, 517]
926	[1879, 505]
937	[1788, 464]
940	[1666, 472]
948	[1811, 477]
951	[1869, 524]
959	[2088, 524]
962	[1845, 522]
973	[1923, 528]
984	[1707, 446]
995	[2361, 567]
1005	[2223, 577]
1016	[2171, 563]
512	[1854, 343]
523	[1886, 488]
534	[1814, 443]
545	[1859, 436]
556	[1806, 435]
567	[1880, 492]
570	[1794, 445]
578	[1776, 405]
581	[1802, 483]
589	[1931, 497]
592	[1788, 474]
600	[1856, 478]
608	[1806, 527]
611	[1873, 510]
619	[1823, 489]
622	[1813, 491]
633	[1813, 469]
644	[1687, 422]
655	[2375, 617]
666	[1911, 509]
677	[1825, 484]
680	[1806, 514]
688	[1867, 549]
691	[1936, 482]
699	[1870, 470]
707	[1882, 478]
710	[1850, 477]
718	[1893, 505]
721	[1785, 456]
729	[1826, 466]
732	[1684, 67]
743	[1995, 491]
754	[1736, 463]
765	[1886, 484]
776	[1893, 512]
787	[1949, 481]
790	[1858, 510]
798	[1816, 466]
806	[1855, 510]
817	[1834, 501]
820	[1782, 497]
828	[1800, 501]
831	[1943, 503]
839	[1876, 446]
842	[1907, 464]
853	[2071, 441]
864	[1766, 470]
875	[1998, 510]
886	[1858, 486]
897	[1854, 466]
905	[1835, 498]
916	[1788, 485]
927	[1898, 513]
930	[1808, 476]
938	[2075, 399]
941	[1896, 465]
949	[1823, 487]
952	[1814, 341]
963	[1870, 522]
974	[1774, 476]
985	[1713, 404]
996	[2224, 530]
1006	[2038, 535]
1017	[2102, 548]
1020	[1766, 482]
513	[2018, 377]
524	[1859, 500]
535	[1920, 463]
546	[1718, 413]
557	[1838, 464]
560	[1761, 458]
568	[1703, 445]
571	[1916, 479]
579	[1967, 425]
582	[1844, 460]
593	[1905, 410]
601	[1907, 493]
609	[1847, 507]
612	[1793, 473]
623	[1951, 491]
634	[1774, 471]
645	[1801, 458]
656	[1755, 443]
667	[1836, 460]
670	[1849, 399]
678	[1821, 524]
681	[1840, 480]
689	[1901, 538]
692	[2014, 567]
700	[1917, 470]
708	[1665, 471]
711	[1961, 481]
719	[1880, 507]
722	[1772, 466]
733	[1840, 464]
744	[1883, 458]
755	[1955, 449]
766	[2017, 494]
777	[1920, 485]
780	[1884, 507]
788	[1818, 484]
791	[1849, 490]
799	[1944, 490]
807	[1855, 520]
810	[1777, 451]
818	[1821, 505]
821	[1870, 508]
829	[1833, 520]
832	[1799, 463]
843	[1903, 496]
854	[2047, 467]
865	[1895, 483]
876	[1778, 503]
887	[2030, 484]
890	[1871, 491]
898	[1739, 483]
906	[1856, 489]
917	[1811, 493]
920	[1851, 504]
928	[1826, 491]
931	[1919, 494]
939	[2328, 495]
942	[2042, 540]
953	[1837, 525]
964	[1867, 547]
975	[1838, 492]
986	[1684, 443]
997	[2247, 551]
1007	[2152, 551]
1010	[1943, 519]
1018	[1807, 477]
1021	[1853, 451]
514	[2015, 429]
525	[1838, 452]
536	[1862, 428]
547	[1892, 452]
550	[1791, 437]
558	[1801, 472]
561	[1834, 479]
569	[1873, 476]
572	[1813, 482]
583	[1921, 449]
594	[1782, 509]
602	[1834, 408]
613	[1803, 518]
624	[1750, 491]
635	[1834, 453]
646	[1840, 436]
657	[1805, 473]
660	[1782, 447]
668	[1778, 455]
671	[1926, 495]
679	[1854, 517]
682	[1777, 466]
693	[1863, 449]
701	[1938, 430]
709	[1842, 457]
712	[1740, 476]
723	[1861, 467]
734	[1810, 476]
745	[1795, 504]
756	[1797, 501]
767	[2054, 526]
770	[1910, 477]
778	[1836, 486]
781	[1919, 485]
789	[1947, 470]
792	[1859, 474]
800	[1789, 487]
808	[1745, 467]
811	[1785, 442]
819	[1862, 520]
822	[1856, 517]
833	[1791, 477]
844	[1824, 416]
855	[2096, 409]
866	[1822, 497]
877	[1915, 512]
880	[1889, 496]
888	[1847, 492]
891	[1881, 481]
899	[1880, 480]
907	[1904, 498]
910	[1830, 498]
918	[1780, 521]
921	[1885, 527]
929	[1888, 508]
932	[1783, 498]
943	[2040, 528]
954	[1919, 548]
965	[1959, 535]
976	[1822, 529]
987	[1716, 414]
990	[1709, 491]
998	[2154, 537]
